0.41255 1383160
0.676995 843810
0.789784 745741
0.973126 611980
1.21729 472126
1.48069 382685
1.7678 321901
1.9572 268968
2.464 177993
3.1019 122618
3.9051 87019
4.9162 59332.1
6.1892 34362.1
7.7917 19580
9.8092 11237.6
12.349 6614.69
15.547 3979.28
19.572 2534.67
24.64 1752.47
31.019 1210.74
39.051 873.559
49.162 635.268
61.892 456.887
77.917 324.297
98.092 221.217
123.49 135.369
155.47 62.8422
195.72 30.9471
246.4 16
310.19 8.00002
390.51 4.00001
491.62 3.00001
523 2.00001
913 1

