0.5965124939757267  -0.00007375169774949397
10.14889080367444  -0.0001391789464460641
11.483504447008311  0.003927022329969471
14.035167146174405  0.0671972164210711
15.8272603800038  0.06670548975508594
19.727848933156135  0.0573294583266397
26.49445766944636  0.03378996100652812
29.500021906444875  0.0241803338542199
32.49587428621501  0.01912556774202971
36.99706453638662  0.008067340411549065
43.128313349787504  0.002511646926525779
47.46184627517415  0.00008470492018751441
57.910271201787566  -0.00022658566150163262
66.41785813386299  -0.0002848568048720024
74.9254450659384  -0.000343127948242386
78.80609875425351  -0.0003697077680253763
